191474.659 0.006
191474.711 0.000
191474.762 0.006
191474.813 0.003
191474.864 0.402
191474.915 0.337
191474.966 0.018
191475.017 0.105
191475.068 0.382
191475.119 0.472
191475.170 0.495
191475.221 0.491
191475.272 0.492
191475.324 0.495
191475.374 0.427
191475.426 0.360
191475.476 0.397
191475.528 0.454
191475.579 0.502
191475.630 0.492
191475.681 0.414
191475.733 0.283
191475.784 0.167
191475.835 0.055
191475.886 0.373
191475.937 0.464
191475.988 0.416
191476.040 0.322
191476.091 0.083
191476.142 0.021
191476.192 0.075
191476.244 0.173
191476.295 0.186
191476.346 0.200
191476.396 0.163
191476.447 0.154
191476.498 0.253
191476.549 0.494
191476.600 0.484
191476.651 0.509
191476.702 0.505
191476.753 0.505
191476.805 0.442
191476.856 0.486
191476.907 0.503
191476.958 0.517
191477.009 0.495
191477.061 0.423
191477.112 0.367
191477.163 0.249
191477.214 0.119
191477.265 0.055
191477.316 0.150
191477.366 0.157
191477.417 0.204
191477.468 0.112
191477.519 0.182
191477.570 0.204
191477.621 0.116
191477.671 0.206
191477.722 0.218
191477.773 0.144
191477.823 0.158
191477.875 0.134
191477.929 0.619
191477.980 0.772
191478.031 0.886
191478.081 0.896
191478.132 0.893
191478.183 0.907
191478.234 0.907
191478.285 0.871
191478.337 0.900
191478.388 0.695
191478.439 0.511
191478.489 0.511
191478.540 0.492
191478.591 0.509
191478.642 0.512
191478.693 0.509
191478.744 0.354
191478.794 0.167
191478.845 0.124
191478.896 0.073
191478.947 0.045
191478.998 0.015
191479.049 0.156
191479.100 0.170
191479.151 0.401
191479.201 0.401
191479.252 0.381
191479.303 0.395
191479.354 0.407
191479.405 0.398
191479.456 0.385
191479.506 0.399
191479.557 0.409
191479.608 0.375
191479.658 0.028
191479.709 0.015
191479.760 0.012
191479.812 0.000
191479.863 0.006
191479.914 0.000
191479.965 0.006
191480.016 0.000
191480.068 0.006
191480.119 0.000
191480.170 0.006
191480.221 0.000
191480.273 0.006
191480.324 0.000
191480.375 0.006
191480.426 0.000
191480.477 0.006
191480.528 0.000
191480.580 0.006
191480.631 0.000
191480.682 0.006
191480.733 0.000
191480.785 0.006
191480.836 0.003
191480.887 0.006
191480.938 0.000
191480.989 0.006
191481.040 0.000
191481.092 0.006
191481.143 0.003
191481.194 0.003
191481.245 0.003
191481.296 0.003
191481.347 0.003
191481.398 0.003
191481.450 0.006
191481.501 0.000
191481.552 0.006
191481.603 0.003
191481.654 0.006
191481.705 0.000
191481.757 0.003
191481.808 0.003
191481.859 0.006
191481.910 0.000
191481.961 0.006
191482.012 0.000
191482.064 0.006
191482.115 0.000
191482.166 0.006
191482.217 0.000
191482.268 0.006
191482.319 0.000
191482.371 0.006
191482.422 0.000
191482.473 0.006
191482.524 0.000
191482.576 0.006
191482.627 0.000
191482.678 0.006
191482.729 0.000
191482.780 0.006
191482.831 0.000
191482.883 0.006
191482.934 0.000
191482.985 0.009
191483.036 0.000
191483.087 0.006
191483.138 0.000
191483.190 0.006
191483.241 0.003
191483.292 0.006
191483.343 0.000
191483.394 0.003
191483.445 0.003
191483.496 0.003
191483.547 0.006
191483.599 0.003
191483.650 0.003
