191493.909 0.000
191493.960 0.006
191494.010 0.000
191494.062 0.039
191494.113 0.376
191494.164 0.401
191494.215 0.036
191494.266 0.083
191494.317 0.413
191494.368 0.446
191494.419 0.469
191494.470 0.497
191494.521 0.505
191494.572 0.487
191494.623 0.441
191494.674 0.402
191494.725 0.373
191494.776 0.440
191494.827 0.495
191494.879 0.498
191494.929 0.407
191494.980 0.319
191495.032 0.283
191495.083 0.186
191495.134 0.046
191495.185 0.352
191495.236 0.416
191495.286 0.457
191495.337 0.332
191495.388 0.107
191495.438 0.006
191495.489 0.075
191495.540 0.371
191495.591 0.836
191495.642 0.824
191495.693 0.901
191495.744 0.906
191495.795 0.913
191495.846 0.899
191495.897 0.828
191495.947 0.515
191495.998 0.509
191496.049 0.514
191496.100 0.492
191496.151 0.512
191496.202 0.506
191496.253 0.515
191496.304 0.391
191496.355 0.248
191496.406 0.083
191496.457 0.094
191496.507 0.028
191496.558 0.265
191496.608 0.391
191496.659 0.410
191496.710 0.410
191496.760 0.394
191496.811 0.400
191496.861 0.413
191496.912 0.378
191496.963 0.409
191497.014 0.398
191497.065 0.172
191497.116 0.025
191497.167 0.025
191497.217 0.000
191497.268 0.006
191497.320 0.000
191497.371 0.006
191497.422 0.000
191497.473 0.006
191497.524 0.000
191497.576 0.009
191497.627 0.000
191497.678 0.006
191497.729 0.000
191497.781 0.009
191497.832 0.000
191497.883 0.006
191497.934 0.000
191497.985 0.009
191498.036 0.000
191498.087 0.006
191498.138 0.003
191498.190 0.006
191498.241 0.000
191498.292 0.006
191498.343 0.003
191498.394 0.009
191498.445 0.006
191498.496 0.000
191498.548 0.006
191498.599 0.003
191498.650 0.003
191498.701 0.003
191498.752 0.006
191498.803 0.003
191498.854 0.006
191498.906 0.000
191498.957 0.006
191499.008 0.000
191499.059 0.006
191499.110 0.000
191499.161 0.006
191499.213 0.000
191499.264 0.009
191499.315 0.000
191499.366 0.009
191499.417 0.000
191499.468 0.006
191499.520 0.003
191499.571 0.003
191499.622 0.000
191499.673 0.006
191499.724 0.000
191499.776 0.009
191499.827 0.000
191499.878 0.006
191499.929 0.000
191499.980 0.006
191500.031 0.000
191500.082 0.006
191500.133 0.000
191500.185 0.006
191500.236 0.003
191500.287 0.006
191500.338 0.000
191500.389 0.006
191500.441 0.000
191500.492 0.006
191500.543 0.003
191500.594 0.003
191500.645 0.003
191500.696 0.003
191500.747 0.006
191500.798 0.003
191500.849 0.003
191500.901 0.003
191500.952 0.006
191501.003 0.000
191501.054 0.006
191501.105 0.000
191501.156 0.006
191501.207 0.000
191501.259 0.006
191501.310 0.000
191501.361 0.006
191501.412 0.003
191501.463 0.006
191501.514 0.003
191501.566 0.003
191501.617 0.000
191501.668 0.009
191501.719 0.000
191501.770 0.006
191501.822 0.000
191501.873 0.006
191501.924 0.000
191501.975 0.006
191502.026 0.000
191502.078 0.006
191502.129 0.000
191502.180 0.006
191502.231 0.003
191502.283 0.006
191502.334 0.000
191502.385 0.009
191502.436 0.000
191502.488 0.006
191502.539 0.003
191502.590 0.003
191502.641 0.003
191502.692 0.003
191502.743 0.003
191502.795 0.006
191502.846 0.003
191502.897 0.003
