y label conffp finfp confag finag onconffp onfinfp onconfag onfinag
0 {UC1, A2bits, RCA} 13.196 2.129 16.992 3.218 0.845 0.433 0.924 0.427
1 {UC1, A2bits, PPA} 13.131 2.142 16.922 3.258 0.954 0.413 0.941 0.401
2 {UC1, A2bits, PPA4} 13.313 2.178 16.940 3.288 0.933 0.416 0.989 0.419
3 {UC1, reshared, RCA} 12.523 1.721 16.765 2.814 0.876 0.434 0.988 0.436
4 {UC1, reshared, PPA} 13.123 2.265 17.146 3.296 1.164 0.457 1.228 0.464
5 {UC1, reshared, PPA4} 13.806 2.281 17.773 3.280 1.295 0.445 1.497 0.483
6 {UC2, A2bits, RCA} 11.707 2.091 15.487 3.139 0.765 0.361 0.719 0.264
7 {UC2, A2bits, PPA} 11.952 2.070 15.687 3.147 0.824 0.390 0.730 0.258
8 {UC2, A2bits, PPA4} 12.184 2.159 15.727 3.220 0.810 0.347 0.764 0.271
9 {UC2, reshared, RCA} 11.736 1.626 15.077 2.655 0.775 0.385 0.795 0.292
10 {UC2, reshared, PPA} 11.867 2.214 15.931 3.076 0.984 0.410 0.919 0.329
11 {UC2, reshared, PPA4} 12.387 2.211 16.413 3.185 1.181 0.374 1.274 0.297
12 {UC3, A2bits, RCA} 1.770 1.586 1.857 1.820 0.576 0.390 0.522 0.367
13 {UC3, A2bits, PPA} 1.815 1.707 1.862 1.846 0.608 0.390 0.549 0.368
14 {UC3, A2bits, PPA4} 2.040 1.791 2.045 1.977 0.638 0.401 0.565 0.368
15 {UC3, reshared, RCA} 1.360 1.155 1.403 1.325 0.616 0.388 0.524 0.347
16 {UC3, reshared, PPA} 1.683 1.538 1.967 1.940 0.658 0.400 0.577 0.383
17 {UC3, reshared, PPA4} 1.939 1.714 2.117 1.914 0.711 0.376 0.585 0.368
