y label conffp finfp confag finag onconffp onfinfp onconfag onfinag
0 {UC1, A2bits, RCA} 14.842 3.715 18.882 4.505 1.179 0.590 1.256 0.564
1 {UC1, A2bits, PPA} 16.113 4.753 19.706 5.601 1.323 0.590 1.343 0.559
2 {UC1, A2bits, PPA4} 17.282 5.303 21.851 6.142 1.371 0.701 1.440 0.680
3 {UC1, reshared, RCA} 13.370 2.124 17.051 3.275 1.392 0.594 1.363 0.544
4 {UC1, reshared, PPA} 15.204 3.896 19.400 5.155 1.550 0.646 1.588 0.593
5 {UC1, reshared, PPA4} 17.057 5.429 21.687 6.963 1.550 0.598 1.726 0.565
6 {UC2, A2bits, RCA} 13.816 3.714 17.527 4.642 1.155 0.523 1.007 0.426
7 {UC2, A2bits, PPA} 15.005 4.646 18.611 5.734 1.200 0.524 1.114 0.399
8 {UC2, A2bits, PPA4} 16.545 5.246 20.053 6.230 1.242 0.611 1.204 0.532
9 {UC2, reshared, RCA} 11.895 2.037 16.124 3.209 1.191 0.547 1.148 0.415
10 {UC2, reshared, PPA} 14.036 3.795 18.509 5.075 1.362 0.553 1.285 0.431
11 {UC2, reshared, PPA4} 16.168 5.463 20.768 6.912 1.506 0.538 1.485 0.412
12 {UC3, A2bits, RCA} 3.749 3.564 3.751 3.817 0.917 0.603 0.878 0.552
13 {UC3, A2bits, PPA} 4.700 4.445 4.918 4.893 1.028 0.561 0.968 0.502
14 {UC3, A2bits, PPA4} 6.151 5.715 6.622 6.318 1.064 0.649 1.024 0.650
15 {UC3, reshared, RCA} 2.051 1.697 2.312 2.034 1.071 0.619 0.918 0.500
16 {UC3, reshared, PPA} 3.686 3.200 4.338 3.932 1.128 0.583 1.093 0.509
17 {UC3, reshared, PPA4} 5.451 4.914 6.552 5.918 0.971 0.498 0.887 0.447
